speed,power,usage_rate,usage_rate_lower,usage_rate_upper
8.637135416666666,22.263002918834168,0.2688778863375525,0.2688778863375525,0.2688778863375525
8.637135416666666,26.17002672714171,0.29219287786993386,0.29219287786993386,0.29219287786993386
8.637135416666666,30.077050535449256,0.31550786940231534,0.31550786940231534,0.31550786940231534
8.637135416666666,33.9840743437568,0.3388228609346967,0.3388228609346967,0.3388228609346967
8.637135416666666,37.891098152064345,0.36213785246707814,0.36213785246707814,0.36213785246707814
8.637135416666666,41.79812196037189,0.3854528439994595,0.3854528439994595,0.3854528439994595
8.637135416666666,45.70514576867943,0.40876783553184093,0.40876783553184093,0.40876783553184093
8.637135416666666,49.61216957698698,0.43208282706422235,0.43208282706422235,0.43208282706422235
8.637135416666666,53.51919338529452,0.4553978185966038,0.4553978185966038,0.4553978185966038
8.637135416666666,57.426217193602064,0.47871281012898514,0.47871281012898514,0.47871281012898514
8.637135416666666,61.333241001909606,0.5020278016613666,0.5020278016613666,0.5020278016613666
8.637135416666666,65.24026481021716,0.525342793193748,0.525342793193748,0.525342793193748
8.637135416666666,69.1472886185247,0.5486577847261294,0.5486577847261294,0.5486577847261294
8.637135416666666,73.05431242683224,0.5719727762585108,0.5719727762585108,0.5719727762585108
8.637135416666666,76.96133623513978,0.5952877677908922,0.5952877677908922,0.5952877677908922
8.637135416666666,80.86836004344732,0.6186027593232736,0.6186027593232736,0.6186027593232736
8.637135416666666,84.77538385175487,0.6419177508556551,0.6419177508556551,0.6419177508556551
8.637135416666666,88.68240766006241,0.6652327423880364,0.6652327423880364,0.6652327423880364
8.637135416666666,92.58943146836995,0.6885477339204178,0.6885477339204178,0.6885477339204178
8.637135416666666,96.4964552766775,0.7118627254527993,0.7118627254527993,0.7118627254527993
8.637135416666666,100.40347908498504,0.7351777169851806,0.7351777169851806,0.7351777169851806
8.637135416666666,104.31050289329261,0.7584927085175622,0.7584927085175622,0.7584927085175622
8.637135416666666,108.21752670160015,0.7818077000499436,0.7818077000499436,0.7818077000499436
8.637135416666666,112.12455050990769,0.805122691582325,0.805122691582325,0.805122691582325
8.637135416666666,116.03157431821523,0.8284376831147064,0.8284376831147064,0.8284376831147064
8.637135416666666,119.93859812652278,0.8517526746470878,0.8517526746470878,0.8517526746470878
8.637135416666666,123.84562193483032,0.8750676661794692,0.8750676661794692,0.8750676661794692
8.637135416666666,127.75264574313786,0.8983826577118506,0.8983826577118506,0.8983826577118506
8.637135416666666,131.6596695514454,0.9216976492442319,0.9216976492442319,0.9216976492442319
8.637135416666666,135.56669335975295,0.9450126407766134,0.9450126407766134,0.9450126407766134
11.021769037356322,22.263002918834168,0.2714555241691075,0.2714555241691075,0.2714555241691075
11.021769037356322,26.17002672714171,0.2947705157014889,0.2947705157014889,0.2947705157014889
11.021769037356322,30.077050535449256,0.31808550723387036,0.31808550723387036,0.31808550723387036
11.021769037356322,33.9840743437568,0.3414004987662517,0.3414004987662517,0.3414004987662517
11.021769037356322,37.891098152064345,0.36471549029863315,0.36471549029863315,0.36471549029863315
11.021769037356322,41.79812196037189,0.3880304818310145,0.3880304818310145,0.3880304818310145
11.021769037356322,45.70514576867943,0.41134547336339594,0.41134547336339594,0.41134547336339594
11.021769037356322,49.61216957698698,0.43466046489577737,0.43466046489577737,0.43466046489577737
11.021769037356322,53.51919338529452,0.45797545642815884,0.45797545642815884,0.45797545642815884
11.021769037356322,57.426217193602064,0.4812904479605402,0.4812904479605402,0.4812904479605402
11.021769037356322,61.333241001909606,0.5046054394929216,0.5046054394929216,0.5046054394929216
11.021769037356322,65.24026481021716,0.5279204310253031,0.5279204310253031,0.5279204310253031
11.021769037356322,69.1472886185247,0.5512354225576844,0.5512354225576844,0.5512354225576844
11.021769037356322,73.05431242683224,0.5745504140900658,0.5745504140900658,0.5745504140900658
11.021769037356322,76.96133623513978,0.5978654056224473,0.5978654056224473,0.5978654056224473
11.021769037356322,80.86836004344732,0.6211803971548286,0.6211803971548286,0.6211803971548286
11.021769037356322,84.77538385175487,0.64449538868721,0.64449538868721,0.64449538868721
11.021769037356322,88.68240766006241,0.6678103802195915,0.6678103802195915,0.6678103802195915
11.021769037356322,92.58943146836995,0.6911253717519729,0.6911253717519729,0.6911253717519729
11.021769037356322,96.4964552766775,0.7144403632843542,0.7144403632843542,0.7144403632843542
11.021769037356322,100.40347908498504,0.7377553548167356,0.7377553548167356,0.7377553548167356
11.021769037356322,104.31050289329261,0.7610703463491172,0.7610703463491172,0.7610703463491172
11.021769037356322,108.21752670160015,0.7843853378814986,0.7843853378814986,0.7843853378814986
11.021769037356322,112.12455050990769,0.80770032941388,0.80770032941388,0.80770032941388
11.021769037356322,116.03157431821523,0.8310153209462614,0.8310153209462614,0.8310153209462614
11.021769037356322,119.93859812652278,0.8543303124786428,0.8543303124786428,0.8543303124786428
11.021769037356322,123.84562193483032,0.8776453040110243,0.8776453040110243,0.8776453040110243
11.021769037356322,127.75264574313786,0.9009602955434056,0.9009602955434056,0.9009602955434056
11.021769037356322,131.6596695514454,0.924275287075787,0.924275287075787,0.924275287075787
11.021769037356322,135.56669335975295,0.9475902786081685,0.9475902786081685,0.9475902786081685
13.406402658045977,22.263002918834168,0.2740331620006625,0.2740331620006625,0.2740331620006625
13.406402658045977,26.17002672714171,0.2973481535330439,0.2973481535330439,0.2973481535330439
13.406402658045977,30.077050535449256,0.32066314506542537,0.32066314506542537,0.32066314506542537
13.406402658045977,33.9840743437568,0.34397813659780674,0.34397813659780674,0.34397813659780674
13.406402658045977,37.891098152064345,0.36729312813018816,0.36729312813018816,0.36729312813018816
13.406402658045977,41.79812196037189,0.39060811966256953,0.39060811966256953,0.39060811966256953
13.406402658045977,45.70514576867943,0.41392311119495095,0.41392311119495095,0.41392311119495095
13.406402658045977,49.61216957698698,0.43723810272733243,0.43723810272733243,0.43723810272733243
13.406402658045977,53.51919338529452,0.4605530942597138,0.4605530942597138,0.4605530942597138
13.406402658045977,57.426217193602064,0.4838680857920952,0.4838680857920952,0.4838680857920952
13.406402658045977,61.333241001909606,0.5071830773244766,0.5071830773244766,0.5071830773244766
13.406402658045977,65.24026481021716,0.530498068856858,0.530498068856858,0.530498068856858
13.406402658045977,69.1472886185247,0.5538130603892395,0.5538130603892395,0.5538130603892395
13.406402658045977,73.05431242683224,0.5771280519216209,0.5771280519216209,0.5771280519216209
13.406402658045977,76.96133623513978,0.6004430434540022,0.6004430434540022,0.6004430434540022
13.406402658045977,80.86836004344732,0.6237580349863837,0.6237580349863837,0.6237580349863837
13.406402658045977,84.77538385175487,0.6470730265187651,0.6470730265187651,0.6470730265187651
13.406402658045977,88.68240766006241,0.6703880180511465,0.6703880180511465,0.6703880180511465
13.406402658045977,92.58943146836995,0.6937030095835278,0.6937030095835278,0.6937030095835278
13.406402658045977,96.4964552766775,0.7170180011159093,0.7170180011159093,0.7170180011159093
13.406402658045977,100.40347908498504,0.7403329926482907,0.7403329926482907,0.7403329926482907
13.406402658045977,104.31050289329261,0.7636479841806723,0.7636479841806723,0.7636479841806723
13.406402658045977,108.21752670160015,0.7869629757130536,0.7869629757130536,0.7869629757130536
13.406402658045977,112.12455050990769,0.810277967245435,0.810277967245435,0.810277967245435
13.406402658045977,116.03157431821523,0.8335929587778165,0.8335929587778165,0.8335929587778165
13.406402658045977,119.93859812652278,0.8569079503101978,0.8569079503101978,0.8569079503101978
13.406402658045977,123.84562193483032,0.8802229418425793,0.8802229418425793,0.8802229418425793
13.406402658045977,127.75264574313786,0.9035379333749606,0.9035379333749606,0.9035379333749606
13.406402658045977,131.6596695514454,0.9268529249073421,0.9268529249073421,0.9268529249073421
13.406402658045977,135.56669335975295,0.9501679164397234,0.9501679164397234,0.9501679164397234
15.791036278735634,22.263002918834168,0.27661079983221754,0.27661079983221754,0.27661079983221754
15.791036278735634,26.17002672714171,0.2999257913645989,0.2999257913645989,0.2999257913645989
15.791036278735634,30.077050535449256,0.3232407828969804,0.3232407828969804,0.3232407828969804
15.791036278735634,33.9840743437568,0.34655577442936175,0.34655577442936175,0.34655577442936175
15.791036278735634,37.891098152064345,0.3698707659617432,0.3698707659617432,0.3698707659617432
15.791036278735634,41.79812196037189,0.39318575749412454,0.39318575749412454,0.39318575749412454
15.791036278735634,45.70514576867943,0.41650074902650597,0.41650074902650597,0.41650074902650597
15.791036278735634,49.61216957698698,0.4398157405588874,0.4398157405588874,0.4398157405588874
15.791036278735634,53.51919338529452,0.46313073209126887,0.46313073209126887,0.46313073209126887
15.791036278735634,57.426217193602064,0.48644572362365024,0.48644572362365024,0.48644572362365024
15.791036278735634,61.333241001909606,0.5097607151560316,0.5097607151560316,0.5097607151560316
15.791036278735634,65.24026481021716,0.5330757066884131,0.5330757066884131,0.5330757066884131
15.791036278735634,69.1472886185247,0.5563906982207945,0.5563906982207945,0.5563906982207945
15.791036278735634,73.05431242683224,0.5797056897531758,0.5797056897531758,0.5797056897531758
15.791036278735634,76.96133623513978,0.6030206812855573,0.6030206812855573,0.6030206812855573
15.791036278735634,80.86836004344732,0.6263356728179387,0.6263356728179387,0.6263356728179387
15.791036278735634,84.77538385175487,0.64965066435032,0.64965066435032,0.64965066435032
15.791036278735634,88.68240766006241,0.6729656558827015,0.6729656558827015,0.6729656558827015
15.791036278735634,92.58943146836995,0.6962806474150829,0.6962806474150829,0.6962806474150829
15.791036278735634,96.4964552766775,0.7195956389474643,0.7195956389474643,0.7195956389474643
15.791036278735634,100.40347908498504,0.7429106304798456,0.7429106304798456,0.7429106304798456
15.791036278735634,104.31050289329261,0.7662256220122272,0.7662256220122272,0.7662256220122272
15.791036278735634,108.21752670160015,0.7895406135446087,0.7895406135446087,0.7895406135446087
15.791036278735634,112.12455050990769,0.8128556050769901,0.8128556050769901,0.8128556050769901
15.791036278735634,116.03157431821523,0.8361705966093714,0.8361705966093714,0.8361705966093714
15.791036278735634,119.93859812652278,0.8594855881417529,0.8594855881417529,0.8594855881417529
15.791036278735634,123.84562193483032,0.8828005796741343,0.8828005796741343,0.8828005796741343
15.791036278735634,127.75264574313786,0.9061155712065156,0.9061155712065156,0.9061155712065156
15.791036278735634,131.6596695514454,0.929430562738897,0.929430562738897,0.929430562738897
15.791036278735634,135.56669335975295,0.9527455542712784,0.9527455542712784,0.9527455542712784
18.175669899425287,22.263002918834168,0.27918843766377255,0.27918843766377255,0.27918843766377255
18.175669899425287,26.17002672714171,0.3025034291961539,0.3025034291961539,0.3025034291961539
18.175669899425287,30.077050535449256,0.3258184207285354,0.3258184207285354,0.3258184207285354
18.175669899425287,33.9840743437568,0.34913341226091676,0.34913341226091676,0.34913341226091676
18.175669899425287,37.891098152064345,0.3724484037932982,0.3724484037932982,0.3724484037932982
18.175669899425287,41.79812196037189,0.39576339532567956,0.39576339532567956,0.39576339532567956
18.175669899425287,45.70514576867943,0.41907838685806104,0.41907838685806104,0.41907838685806104
18.175669899425287,49.61216957698698,0.44239337839044246,0.44239337839044246,0.44239337839044246
18.175669899425287,53.51919338529452,0.4657083699228239,0.4657083699228239,0.4657083699228239
18.175669899425287,57.426217193602064,0.4890233614552053,0.4890233614552053,0.4890233614552053
18.175669899425287,61.333241001909606,0.5123383529875867,0.5123383529875867,0.5123383529875867
18.175669899425287,65.24026481021716,0.535653344519968,0.535653344519968,0.535653344519968
18.175669899425287,69.1472886185247,0.5589683360523495,0.5589683360523495,0.5589683360523495
18.175669899425287,73.05431242683224,0.5822833275847309,0.5822833275847309,0.5822833275847309
18.175669899425287,76.96133623513978,0.6055983191171123,0.6055983191171123,0.6055983191171123
18.175669899425287,80.86836004344732,0.6289133106494937,0.6289133106494937,0.6289133106494937
18.175669899425287,84.77538385175487,0.6522283021818751,0.6522283021818751,0.6522283021818751
18.175669899425287,88.68240766006241,0.6755432937142565,0.6755432937142565,0.6755432937142565
18.175669899425287,92.58943146836995,0.698858285246638,0.698858285246638,0.698858285246638
18.175669899425287,96.4964552766775,0.7221732767790193,0.7221732767790193,0.7221732767790193
18.175669899425287,100.40347908498504,0.7454882683114007,0.7454882683114007,0.7454882683114007
18.175669899425287,104.31050289329261,0.7688032598437823,0.7688032598437823,0.7688032598437823
18.175669899425287,108.21752670160015,0.7921182513761637,0.7921182513761637,0.7921182513761637
18.175669899425287,112.12455050990769,0.8154332429085451,0.8154332429085451,0.8154332429085451
18.175669899425287,116.03157431821523,0.8387482344409265,0.8387482344409265,0.8387482344409265
18.175669899425287,119.93859812652278,0.8620632259733079,0.8620632259733079,0.8620632259733079
18.175669899425287,123.84562193483032,0.8853782175056893,0.8853782175056893,0.8853782175056893
18.175669899425287,127.75264574313786,0.9086932090380706,0.9086932090380706,0.9086932090380706
18.175669899425287,131.6596695514454,0.932008200570452,0.932008200570452,0.932008200570452
18.175669899425287,135.56669335975295,0.9553231921028335,0.9553231921028335,0.9553231921028335
20.560303520114942,22.263002918834168,0.2817660754953276,0.2817660754953276,0.2817660754953276
20.560303520114942,26.17002672714171,0.305081067027709,0.305081067027709,0.305081067027709
20.560303520114942,30.077050535449256,0.32839605856009046,0.32839605856009046,0.32839605856009046
20.560303520114942,33.9840743437568,0.35171105009247183,0.35171105009247183,0.35171105009247183
20.560303520114942,37.891098152064345,0.37502604162485326,0.37502604162485326,0.37502604162485326
20.560303520114942,41.79812196037189,0.3983410331572346,0.3983410331572346,0.3983410331572346
20.560303520114942,45.70514576867943,0.42165602468961605,0.42165602468961605,0.42165602468961605
20.560303520114942,49.61216957698698,0.4449710162219975,0.4449710162219975,0.4449710162219975
20.560303520114942,53.51919338529452,0.4682860077543789,0.4682860077543789,0.4682860077543789
20.560303520114942,57.426217193602064,0.49160099928676027,0.49160099928676027,0.49160099928676027
20.560303520114942,61.333241001909606,0.5149159908191416,0.5149159908191416,0.5149159908191416
20.560303520114942,65.24026481021716,0.5382309823515231,0.5382309823515231,0.5382309823515231
20.560303520114942,69.1472886185247,0.5615459738839045,0.5615459738839045,0.5615459738839045
20.560303520114942,73.05431242683224,0.584860965416286,0.584860965416286,0.584860965416286
20.560303520114942,76.96133623513978,0.6081759569486673,0.6081759569486673,0.6081759569486673
20.560303520114942,80.86836004344732,0.6314909484810487,0.6314909484810487,0.6314909484810487
20.560303520114942,84.77538385175487,0.6548059400134302,0.6548059400134302,0.6548059400134302
20.560303520114942,88.68240766006241,0.6781209315458115,0.6781209315458115,0.6781209315458115
20.560303520114942,92.58943146836995,0.7014359230781929,0.7014359230781929,0.7014359230781929
20.560303520114942,96.4964552766775,0.7247509146105744,0.7247509146105744,0.7247509146105744
20.560303520114942,100.40347908498504,0.7480659061429558,0.7480659061429558,0.7480659061429558
20.560303520114942,104.31050289329261,0.7713808976753374,0.7713808976753374,0.7713808976753374
20.560303520114942,108.21752670160015,0.7946958892077187,0.7946958892077187,0.7946958892077187
20.560303520114942,112.12455050990769,0.8180108807401001,0.8180108807401001,0.8180108807401001
20.560303520114942,116.03157431821523,0.8413258722724815,0.8413258722724815,0.8413258722724815
20.560303520114942,119.93859812652278,0.8646408638048629,0.8646408638048629,0.8646408638048629
20.560303520114942,123.84562193483032,0.8879558553372443,0.8879558553372443,0.8879558553372443
20.560303520114942,127.75264574313786,0.9112708468696257,0.9112708468696257,0.9112708468696257
20.560303520114942,131.6596695514454,0.9345858384020072,0.9345858384020072,0.9345858384020072
20.560303520114942,135.56669335975295,0.9579008299343885,0.9579008299343885,0.9579008299343885
22.9449371408046,22.263002918834168,0.28434371332688263,0.28434371332688263,0.28434371332688263
22.9449371408046,26.17002672714171,0.307658704859264,0.307658704859264,0.307658704859264
22.9449371408046,30.077050535449256,0.3309736963916455,0.3309736963916455,0.3309736963916455
22.9449371408046,33.9840743437568,0.35428868792402685,0.35428868792402685,0.35428868792402685
22.9449371408046,37.891098152064345,0.37760367945640827,0.37760367945640827,0.37760367945640827
22.9449371408046,41.79812196037189,0.40091867098878964,0.40091867098878964,0.40091867098878964
22.9449371408046,45.70514576867943,0.4242336625211711,0.4242336625211711,0.4242336625211711
22.9449371408046,49.61216957698698,0.4475486540535525,0.4475486540535525,0.4475486540535525
22.9449371408046,53.51919338529452,0.47086364558593397,0.47086364558593397,0.47086364558593397
22.9449371408046,57.426217193602064,0.49417863711831533,0.49417863711831533,0.49417863711831533
22.9449371408046,61.333241001909606,0.5174936286506967,0.5174936286506967,0.5174936286506967
22.9449371408046,65.24026481021716,0.5408086201830782,0.5408086201830782,0.5408086201830782
22.9449371408046,69.1472886185247,0.5641236117154595,0.5641236117154595,0.5641236117154595
22.9449371408046,73.05431242683224,0.5874386032478409,0.5874386032478409,0.5874386032478409
22.9449371408046,76.96133623513978,0.6107535947802224,0.6107535947802224,0.6107535947802224
22.9449371408046,80.86836004344732,0.6340685863126038,0.6340685863126038,0.6340685863126038
22.9449371408046,84.77538385175487,0.6573835778449851,0.6573835778449851,0.6573835778449851
22.9449371408046,88.68240766006241,0.6806985693773666,0.6806985693773666,0.6806985693773666
22.9449371408046,92.58943146836995,0.704013560909748,0.704013560909748,0.704013560909748
22.9449371408046,96.4964552766775,0.7273285524421294,0.7273285524421294,0.7273285524421294
22.9449371408046,100.40347908498504,0.7506435439745107,0.7506435439745107,0.7506435439745107
22.9449371408046,104.31050289329261,0.7739585355068923,0.7739585355068923,0.7739585355068923
22.9449371408046,108.21752670160015,0.7972735270392737,0.7972735270392737,0.7972735270392737
22.9449371408046,112.12455050990769,0.8205885185716552,0.8205885185716552,0.8205885185716552
22.9449371408046,116.03157431821523,0.8439035101040365,0.8439035101040365,0.8439035101040365
22.9449371408046,119.93859812652278,0.867218501636418,0.867218501636418,0.867218501636418
22.9449371408046,123.84562193483032,0.8905334931687994,0.8905334931687994,0.8905334931687994
22.9449371408046,127.75264574313786,0.9138484847011807,0.9138484847011807,0.9138484847011807
22.9449371408046,131.6596695514454,0.9371634762335621,0.9371634762335621,0.9371634762335621
22.9449371408046,135.56669335975295,0.9604784677659435,0.9604784677659435,0.9604784677659435
25.329570761494256,22.263002918834168,0.28692135115843764,0.28692135115843764,0.28692135115843764
25.329570761494256,26.17002672714171,0.310236342690819,0.310236342690819,0.310236342690819
25.329570761494256,30.077050535449256,0.3335513342232005,0.3335513342232005,0.3335513342232005
25.329570761494256,33.9840743437568,0.35686632575558186,0.35686632575558186,0.35686632575558186
25.329570761494256,37.891098152064345,0.3801813172879633,0.3801813172879633,0.3801813172879633
25.329570761494256,41.79812196037189,0.40349630882034465,0.40349630882034465,0.40349630882034465
25.329570761494256,45.70514576867943,0.4268113003527261,0.4268113003527261,0.4268113003527261
25.329570761494256,49.61216957698698,0.45012629188510755,0.45012629188510755,0.45012629188510755
25.329570761494256,53.51919338529452,0.4734412834174889,0.4734412834174889,0.4734412834174889
25.329570761494256,57.426217193602064,0.49675627494987035,0.49675627494987035,0.49675627494987035
25.329570761494256,61.333241001909606,0.5200712664822518,0.5200712664822518,0.5200712664822518
25.329570761494256,65.24026481021716,0.5433862580146331,0.5433862580146331,0.5433862580146331
25.329570761494256,69.1472886185247,0.5667012495470146,0.5667012495470146,0.5667012495470146
25.329570761494256,73.05431242683224,0.590016241079396,0.590016241079396,0.590016241079396
25.329570761494256,76.96133623513978,0.6133312326117774,0.6133312326117774,0.6133312326117774
25.329570761494256,80.86836004344732,0.6366462241441588,0.6366462241441588,0.6366462241441588
25.329570761494256,84.77538385175487,0.6599612156765402,0.6599612156765402,0.6599612156765402
25.329570761494256,88.68240766006241,0.6832762072089216,0.6832762072089216,0.6832762072089216
25.329570761494256,92.58943146836995,0.7065911987413029,0.7065911987413029,0.7065911987413029
25.329570761494256,96.4964552766775,0.7299061902736844,0.7299061902736844,0.7299061902736844
25.329570761494256,100.40347908498504,0.7532211818060658,0.7532211818060658,0.7532211818060658
25.329570761494256,104.31050289329261,0.7765361733384474,0.7765361733384474,0.7765361733384474
25.329570761494256,108.21752670160015,0.7998511648708287,0.7998511648708287,0.7998511648708287
25.329570761494256,112.12455050990769,0.8231661564032102,0.8231661564032102,0.8231661564032102
25.329570761494256,116.03157431821523,0.8464811479355916,0.8464811479355916,0.8464811479355916
25.329570761494256,119.93859812652278,0.869796139467973,0.869796139467973,0.869796139467973
25.329570761494256,123.84562193483032,0.8931111310003543,0.8931111310003543,0.8931111310003543
25.329570761494256,127.75264574313786,0.9164261225327357,0.9164261225327357,0.9164261225327357
25.329570761494256,131.6596695514454,0.9397411140651171,0.9397411140651171,0.9397411140651171
25.329570761494256,135.56669335975295,0.9630561055974985,0.9630561055974985,0.9630561055974985
27.71420438218391,22.263002918834168,0.28949898898999266,0.28949898898999266,0.28949898898999266
27.71420438218391,26.17002672714171,0.312813980522374,0.312813980522374,0.312813980522374
27.71420438218391,30.077050535449256,0.3361289720547555,0.3361289720547555,0.3361289720547555
27.71420438218391,33.9840743437568,0.35944396358713687,0.35944396358713687,0.35944396358713687
27.71420438218391,37.891098152064345,0.3827589551195183,0.3827589551195183,0.3827589551195183
27.71420438218391,41.79812196037189,0.40607394665189966,0.40607394665189966,0.40607394665189966
27.71420438218391,45.70514576867943,0.42938893818428114,0.42938893818428114,0.42938893818428114
27.71420438218391,49.61216957698698,0.4527039297166625,0.4527039297166625,0.4527039297166625
27.71420438218391,53.51919338529452,0.476018921249044,0.476018921249044,0.476018921249044
27.71420438218391,57.426217193602064,0.49933391278142536,0.49933391278142536,0.49933391278142536
27.71420438218391,61.333241001909606,0.5226489043138067,0.5226489043138067,0.5226489043138067
27.71420438218391,65.24026481021716,0.5459638958461882,0.5459638958461882,0.5459638958461882
27.71420438218391,69.1472886185247,0.5692788873785696,0.5692788873785696,0.5692788873785696
27.71420438218391,73.05431242683224,0.592593878910951,0.592593878910951,0.592593878910951
27.71420438218391,76.96133623513978,0.6159088704433324,0.6159088704433324,0.6159088704433324
27.71420438218391,80.86836004344732,0.6392238619757138,0.6392238619757138,0.6392238619757138
27.71420438218391,84.77538385175487,0.6625388535080952,0.6625388535080952,0.6625388535080952
27.71420438218391,88.68240766006241,0.6858538450404766,0.6858538450404766,0.6858538450404766
27.71420438218391,92.58943146836995,0.709168836572858,0.709168836572858,0.709168836572858
27.71420438218391,96.4964552766775,0.7324838281052394,0.7324838281052394,0.7324838281052394
27.71420438218391,100.40347908498504,0.7557988196376209,0.7557988196376209,0.7557988196376209
27.71420438218391,104.31050289329261,0.7791138111700024,0.7791138111700024,0.7791138111700024
27.71420438218391,108.21752670160015,0.8024288027023838,0.8024288027023838,0.8024288027023838
27.71420438218391,112.12455050990769,0.8257437942347652,0.8257437942347652,0.8257437942347652
27.71420438218391,116.03157431821523,0.8490587857671466,0.8490587857671466,0.8490587857671466
27.71420438218391,119.93859812652278,0.8723737772995279,0.8723737772995279,0.8723737772995279
27.71420438218391,123.84562193483032,0.8956887688319094,0.8956887688319094,0.8956887688319094
27.71420438218391,127.75264574313786,0.9190037603642907,0.9190037603642907,0.9190037603642907
27.71420438218391,131.6596695514454,0.9423187518966721,0.9423187518966721,0.9423187518966721
27.71420438218391,135.56669335975295,0.9656337434290536,0.9656337434290536,0.9656337434290536
30.098838002873567,22.263002918834168,0.29207662682154767,0.29207662682154767,0.29207662682154767
30.098838002873567,26.17002672714171,0.31539161835392904,0.31539161835392904,0.31539161835392904
30.098838002873567,30.077050535449256,0.3387066098863105,0.3387066098863105,0.3387066098863105
30.098838002873567,33.9840743437568,0.3620216014186919,0.3620216014186919,0.3620216014186919
30.098838002873567,37.891098152064345,0.3853365929510733,0.3853365929510733,0.3853365929510733
30.098838002873567,41.79812196037189,0.4086515844834547,0.4086515844834547,0.4086515844834547
30.098838002873567,45.70514576867943,0.43196657601583616,0.43196657601583616,0.43196657601583616
30.098838002873567,49.61216957698698,0.4552815675482176,0.4552815675482176,0.4552815675482176
30.098838002873567,53.51919338529452,0.478596559080599,0.478596559080599,0.478596559080599
30.098838002873567,57.426217193602064,0.5019115506129804,0.5019115506129804,0.5019115506129804
30.098838002873567,61.333241001909606,0.5252265421453618,0.5252265421453618,0.5252265421453618
30.098838002873567,65.24026481021716,0.5485415336777433,0.5485415336777433,0.5485415336777433
30.098838002873567,69.1472886185247,0.5718565252101246,0.5718565252101246,0.5718565252101246
30.098838002873567,73.05431242683224,0.595171516742506,0.595171516742506,0.595171516742506
30.098838002873567,76.96133623513978,0.6184865082748874,0.6184865082748874,0.6184865082748874
30.098838002873567,80.86836004344732,0.6418014998072689,0.6418014998072689,0.6418014998072689
30.098838002873567,84.77538385175487,0.6651164913396502,0.6651164913396502,0.6651164913396502
30.098838002873567,88.68240766006241,0.6884314828720316,0.6884314828720316,0.6884314828720316
30.098838002873567,92.58943146836995,0.7117464744044131,0.7117464744044131,0.7117464744044131
30.098838002873567,96.4964552766775,0.7350614659367944,0.7350614659367944,0.7350614659367944
30.098838002873567,100.40347908498504,0.7583764574691758,0.7583764574691758,0.7583764574691758
30.098838002873567,104.31050289329261,0.7816914490015574,0.7816914490015574,0.7816914490015574
30.098838002873567,108.21752670160015,0.8050064405339388,0.8050064405339388,0.8050064405339388
30.098838002873567,112.12455050990769,0.8283214320663203,0.8283214320663203,0.8283214320663203
30.098838002873567,116.03157431821523,0.8516364235987016,0.8516364235987016,0.8516364235987016
30.098838002873567,119.93859812652278,0.874951415131083,0.874951415131083,0.874951415131083
30.098838002873567,123.84562193483032,0.8982664066634645,0.8982664066634645,0.8982664066634645
30.098838002873567,127.75264574313786,0.9215813981958457,0.9215813981958457,0.9215813981958457
30.098838002873567,131.6596695514454,0.9448963897282272,0.9448963897282272,0.9448963897282272
30.098838002873567,135.56669335975295,0.9682113812606086,0.9682113812606086,0.9682113812606086
32.48347162356322,22.263002918834168,0.2946542646531027,0.2946542646531027,0.2946542646531027
32.48347162356322,26.17002672714171,0.31796925618548405,0.31796925618548405,0.31796925618548405
32.48347162356322,30.077050535449256,0.34128424771786553,0.34128424771786553,0.34128424771786553
32.48347162356322,33.9840743437568,0.3645992392502469,0.3645992392502469,0.3645992392502469
32.48347162356322,37.891098152064345,0.3879142307826284,0.3879142307826284,0.3879142307826284
32.48347162356322,41.79812196037189,0.41122922231500975,0.41122922231500975,0.41122922231500975
32.48347162356322,45.70514576867943,0.43454421384739117,0.43454421384739117,0.43454421384739117
32.48347162356322,49.61216957698698,0.4578592053797726,0.4578592053797726,0.4578592053797726
32.48347162356322,53.51919338529452,0.481174196912154,0.481174196912154,0.481174196912154
32.48347162356322,57.426217193602064,0.5044891884445354,0.5044891884445354,0.5044891884445354
32.48347162356322,61.333241001909606,0.5278041799769168,0.5278041799769168,0.5278041799769168
32.48347162356322,65.24026481021716,0.5511191715092982,0.5511191715092982,0.5511191715092982
32.48347162356322,69.1472886185247,0.5744341630416796,0.5744341630416796,0.5744341630416796
32.48347162356322,73.05431242683224,0.5977491545740611,0.5977491545740611,0.5977491545740611
32.48347162356322,76.96133623513978,0.6210641461064424,0.6210641461064424,0.6210641461064424
32.48347162356322,80.86836004344732,0.6443791376388238,0.6443791376388238,0.6443791376388238
32.48347162356322,84.77538385175487,0.6676941291712053,0.6676941291712053,0.6676941291712053
32.48347162356322,88.68240766006241,0.6910091207035867,0.6910091207035867,0.6910091207035867
32.48347162356322,92.58943146836995,0.714324112235968,0.714324112235968,0.714324112235968
32.48347162356322,96.4964552766775,0.7376391037683494,0.7376391037683494,0.7376391037683494
32.48347162356322,100.40347908498504,0.7609540953007309,0.7609540953007309,0.7609540953007309
32.48347162356322,104.31050289329261,0.7842690868331125,0.7842690868331125,0.7842690868331125
32.48347162356322,108.21752670160015,0.8075840783654938,0.8075840783654938,0.8075840783654938
32.48347162356322,112.12455050990769,0.8308990698978752,0.8308990698978752,0.8308990698978752
32.48347162356322,116.03157431821523,0.8542140614302567,0.8542140614302567,0.8542140614302567
32.48347162356322,119.93859812652278,0.8775290529626381,0.8775290529626381,0.8775290529626381
32.48347162356322,123.84562193483032,0.9008440444950194,0.9008440444950194,0.9008440444950194
32.48347162356322,127.75264574313786,0.9241590360274008,0.9241590360274008,0.9241590360274008
32.48347162356322,131.6596695514454,0.9474740275597822,0.9474740275597822,0.9474740275597822
32.48347162356322,135.56669335975295,0.9707890190921635,0.9707890190921635,0.9707890190921635
34.868105244252874,22.263002918834168,0.29723190248465775,0.29723190248465775,0.29723190248465775
34.868105244252874,26.17002672714171,0.3205468940170391,0.3205468940170391,0.3205468940170391
34.868105244252874,30.077050535449256,0.3438618855494206,0.3438618855494206,0.3438618855494206
34.868105244252874,33.9840743437568,0.36717687708180197,0.36717687708180197,0.36717687708180197
34.868105244252874,37.891098152064345,0.3904918686141834,0.3904918686141834,0.3904918686141834
34.868105244252874,41.79812196037189,0.41380686014656476,0.41380686014656476,0.41380686014656476
34.868105244252874,45.70514576867943,0.4371218516789462,0.4371218516789462,0.4371218516789462
34.868105244252874,49.61216957698698,0.4604368432113276,0.4604368432113276,0.4604368432113276
34.868105244252874,53.51919338529452,0.48375183474370903,0.48375183474370903,0.48375183474370903
34.868105244252874,57.426217193602064,0.5070668262760905,0.5070668262760905,0.5070668262760905
34.868105244252874,61.333241001909606,0.5303818178084718,0.5303818178084718,0.5303818178084718
34.868105244252874,65.24026481021716,0.5536968093408533,0.5536968093408533,0.5536968093408533
34.868105244252874,69.1472886185247,0.5770118008732347,0.5770118008732347,0.5770118008732347
34.868105244252874,73.05431242683224,0.600326792405616,0.600326792405616,0.600326792405616
34.868105244252874,76.96133623513978,0.6236417839379975,0.6236417839379975,0.6236417839379975
34.868105244252874,80.86836004344732,0.6469567754703789,0.6469567754703789,0.6469567754703789
34.868105244252874,84.77538385175487,0.6702717670027603,0.6702717670027603,0.6702717670027603
34.868105244252874,88.68240766006241,0.6935867585351416,0.6935867585351416,0.6935867585351416
34.868105244252874,92.58943146836995,0.7169017500675231,0.7169017500675231,0.7169017500675231
34.868105244252874,96.4964552766775,0.7402167415999045,0.7402167415999045,0.7402167415999045
34.868105244252874,100.40347908498504,0.7635317331322858,0.7635317331322858,0.7635317331322858
34.868105244252874,104.31050289329261,0.7868467246646674,0.7868467246646674,0.7868467246646674
34.868105244252874,108.21752670160015,0.8101617161970488,0.8101617161970488,0.8101617161970488
34.868105244252874,112.12455050990769,0.8334767077294303,0.8334767077294303,0.8334767077294303
34.868105244252874,116.03157431821523,0.8567916992618116,0.8567916992618116,0.8567916992618116
34.868105244252874,119.93859812652278,0.880106690794193,0.880106690794193,0.880106690794193
34.868105244252874,123.84562193483032,0.9034216823265745,0.9034216823265745,0.9034216823265745
34.868105244252874,127.75264574313786,0.9267366738589558,0.9267366738589558,0.9267366738589558
34.868105244252874,131.6596695514454,0.9500516653913372,0.9500516653913372,0.9500516653913372
34.868105244252874,135.56669335975295,0.9733666569237187,0.9733666569237187,0.9733666569237187
37.252738864942536,22.263002918834168,0.29980954031621276,0.29980954031621276,0.29980954031621276
37.252738864942536,26.17002672714171,0.32312453184859413,0.32312453184859413,0.32312453184859413
37.252738864942536,30.077050535449256,0.3464395233809756,0.3464395233809756,0.3464395233809756
37.252738864942536,33.9840743437568,0.369754514913357,0.369754514913357,0.369754514913357
37.252738864942536,37.891098152064345,0.3930695064457384,0.3930695064457384,0.3930695064457384
37.252738864942536,41.79812196037189,0.41638449797811977,0.41638449797811977,0.41638449797811977
37.252738864942536,45.70514576867943,0.4396994895105012,0.4396994895105012,0.4396994895105012
37.252738864942536,49.61216957698698,0.4630144810428827,0.4630144810428827,0.4630144810428827
37.252738864942536,53.51919338529452,0.48632947257526404,0.48632947257526404,0.48632947257526404
37.252738864942536,57.426217193602064,0.5096444641076454,0.5096444641076454,0.5096444641076454
37.252738864942536,61.333241001909606,0.5329594556400269,0.5329594556400269,0.5329594556400269
37.252738864942536,65.24026481021716,0.5562744471724083,0.5562744471724083,0.5562744471724083
37.252738864942536,69.1472886185247,0.5795894387047897,0.5795894387047897,0.5795894387047897
37.252738864942536,73.05431242683224,0.6029044302371711,0.6029044302371711,0.6029044302371711
37.252738864942536,76.96133623513978,0.6262194217695525,0.6262194217695525,0.6262194217695525
37.252738864942536,80.86836004344732,0.6495344133019338,0.6495344133019338,0.6495344133019338
37.252738864942536,84.77538385175487,0.6728494048343153,0.6728494048343153,0.6728494048343153
37.252738864942536,88.68240766006241,0.6961643963666967,0.6961643963666967,0.6961643963666967
37.252738864942536,92.58943146836995,0.7194793878990781,0.7194793878990781,0.7194793878990781
37.252738864942536,96.4964552766775,0.7427943794314595,0.7427943794314595,0.7427943794314595
37.252738864942536,100.40347908498504,0.7661093709638409,0.7661093709638409,0.7661093709638409
37.252738864942536,104.31050289329261,0.7894243624962225,0.7894243624962225,0.7894243624962225
37.252738864942536,108.21752670160015,0.8127393540286039,0.8127393540286039,0.8127393540286039
37.252738864942536,112.12455050990769,0.8360543455609852,0.8360543455609852,0.8360543455609852
37.252738864942536,116.03157431821523,0.8593693370933667,0.8593693370933667,0.8593693370933667
37.252738864942536,119.93859812652278,0.8826843286257481,0.8826843286257481,0.8826843286257481
37.252738864942536,123.84562193483032,0.9059993201581296,0.9059993201581296,0.9059993201581296
37.252738864942536,127.75264574313786,0.9293143116905108,0.9293143116905108,0.9293143116905108
37.252738864942536,131.6596695514454,0.9526293032228923,0.9526293032228923,0.9526293032228923
37.252738864942536,135.56669335975295,0.9759442947552737,0.9759442947552737,0.9759442947552737
39.63737248563219,22.263002918834168,0.3023871781477678,0.3023871781477678,0.3023871781477678
39.63737248563219,26.17002672714171,0.32570216968014915,0.32570216968014915,0.32570216968014915
39.63737248563219,30.077050535449256,0.3490171612125306,0.3490171612125306,0.3490171612125306
39.63737248563219,33.9840743437568,0.372332152744912,0.372332152744912,0.372332152744912
39.63737248563219,37.891098152064345,0.3956471442772934,0.3956471442772934,0.3956471442772934
39.63737248563219,41.79812196037189,0.4189621358096748,0.4189621358096748,0.4189621358096748
39.63737248563219,45.70514576867943,0.44227712734205626,0.44227712734205626,0.44227712734205626
39.63737248563219,49.61216957698698,0.46559211887443763,0.46559211887443763,0.46559211887443763
39.63737248563219,53.51919338529452,0.4889071104068191,0.4889071104068191,0.4889071104068191
39.63737248563219,57.426217193602064,0.5122221019392005,0.5122221019392005,0.5122221019392005
39.63737248563219,61.333241001909606,0.5355370934715818,0.5355370934715818,0.5355370934715818
39.63737248563219,65.24026481021716,0.5588520850039633,0.5588520850039633,0.5588520850039633
39.63737248563219,69.1472886185247,0.5821670765363447,0.5821670765363447,0.5821670765363447
39.63737248563219,73.05431242683224,0.6054820680687261,0.6054820680687261,0.6054820680687261
39.63737248563219,76.96133623513978,0.6287970596011075,0.6287970596011075,0.6287970596011075
39.63737248563219,80.86836004344732,0.6521120511334889,0.6521120511334889,0.6521120511334889
39.63737248563219,84.77538385175487,0.6754270426658703,0.6754270426658703,0.6754270426658703
39.63737248563219,88.68240766006241,0.6987420341982518,0.6987420341982518,0.6987420341982518
39.63737248563219,92.58943146836995,0.7220570257306331,0.7220570257306331,0.7220570257306331
39.63737248563219,96.4964552766775,0.7453720172630145,0.7453720172630145,0.7453720172630145
39.63737248563219,100.40347908498504,0.7686870087953959,0.7686870087953959,0.7686870087953959
39.63737248563219,104.31050289329261,0.7920020003277775,0.7920020003277775,0.7920020003277775
39.63737248563219,108.21752670160015,0.8153169918601588,0.8153169918601588,0.8153169918601588
39.63737248563219,112.12455050990769,0.8386319833925403,0.8386319833925403,0.8386319833925403
39.63737248563219,116.03157431821523,0.8619469749249217,0.8619469749249217,0.8619469749249217
39.63737248563219,119.93859812652278,0.8852619664573032,0.8852619664573032,0.8852619664573032
39.63737248563219,123.84562193483032,0.9085769579896845,0.9085769579896845,0.9085769579896845
39.63737248563219,127.75264574313786,0.9318919495220659,0.9318919495220659,0.9318919495220659
39.63737248563219,131.6596695514454,0.9552069410544473,0.9552069410544473,0.9552069410544473
39.63737248563219,135.56669335975295,0.9785219325868286,0.9785219325868286,0.9785219325868286
42.02200610632185,22.263002918834168,0.3049648159793228,0.3049648159793228,0.3049648159793228
42.02200610632185,26.17002672714171,0.32827980751170416,0.32827980751170416,0.32827980751170416
42.02200610632185,30.077050535449256,0.35159479904408564,0.35159479904408564,0.35159479904408564
42.02200610632185,33.9840743437568,0.374909790576467,0.374909790576467,0.374909790576467
42.02200610632185,37.891098152064345,0.39822478210884843,0.39822478210884843,0.39822478210884843
42.02200610632185,41.79812196037189,0.42153977364122985,0.42153977364122985,0.42153977364122985
42.02200610632185,45.70514576867943,0.4448547651736113,0.4448547651736113,0.4448547651736113
42.02200610632185,49.61216957698698,0.4681697567059927,0.4681697567059927,0.4681697567059927
42.02200610632185,53.51919338529452,0.4914847482383741,0.4914847482383741,0.4914847482383741
42.02200610632185,57.426217193602064,0.5147997397707555,0.5147997397707555,0.5147997397707555
42.02200610632185,61.333241001909606,0.5381147313031369,0.5381147313031369,0.5381147313031369
42.02200610632185,65.24026481021716,0.5614297228355183,0.5614297228355183,0.5614297228355183
42.02200610632185,69.1472886185247,0.5847447143678998,0.5847447143678998,0.5847447143678998
42.02200610632185,73.05431242683224,0.6080597059002811,0.6080597059002811,0.6080597059002811
42.02200610632185,76.96133623513978,0.6313746974326625,0.6313746974326625,0.6313746974326625
42.02200610632185,80.86836004344732,0.654689688965044,0.654689688965044,0.654689688965044
42.02200610632185,84.77538385175487,0.6780046804974253,0.6780046804974253,0.6780046804974253
42.02200610632185,88.68240766006241,0.7013196720298067,0.7013196720298067,0.7013196720298067
42.02200610632185,92.58943146836995,0.7246346635621882,0.7246346635621882,0.7246346635621882
42.02200610632185,96.4964552766775,0.7479496550945696,0.7479496550945696,0.7479496550945696
42.02200610632185,100.40347908498504,0.7712646466269509,0.7712646466269509,0.7712646466269509
42.02200610632185,104.31050289329261,0.7945796381593325,0.7945796381593325,0.7945796381593325
42.02200610632185,108.21752670160015,0.8178946296917139,0.8178946296917139,0.8178946296917139
42.02200610632185,112.12455050990769,0.8412096212240954,0.8412096212240954,0.8412096212240954
42.02200610632185,116.03157431821523,0.8645246127564767,0.8645246127564767,0.8645246127564767
42.02200610632185,119.93859812652278,0.8878396042888581,0.8878396042888581,0.8878396042888581
42.02200610632185,123.84562193483032,0.9111545958212396,0.9111545958212396,0.9111545958212396
42.02200610632185,127.75264574313786,0.9344695873536208,0.9344695873536208,0.9344695873536208
42.02200610632185,131.6596695514454,0.9577845788860022,0.9577845788860022,0.9577845788860022
42.02200610632185,135.56669335975295,0.9810995704183837,0.9810995704183837,0.9810995704183837
44.4066397270115,22.263002918834168,0.30754245381087786,0.30754245381087786,0.30754245381087786
44.4066397270115,26.17002672714171,0.3308574453432592,0.3308574453432592,0.3308574453432592
44.4066397270115,30.077050535449256,0.3541724368756407,0.3541724368756407,0.3541724368756407
44.4066397270115,33.9840743437568,0.3774874284080221,0.3774874284080221,0.3774874284080221
44.4066397270115,37.891098152064345,0.4008024199404035,0.4008024199404035,0.4008024199404035
44.4066397270115,41.79812196037189,0.42411741147278487,0.42411741147278487,0.42411741147278487
44.4066397270115,45.70514576867943,0.4474324030051663,0.4474324030051663,0.4474324030051663
44.4066397270115,49.61216957698698,0.4707473945375477,0.4707473945375477,0.4707473945375477
44.4066397270115,53.51919338529452,0.49406238606992914,0.49406238606992914,0.49406238606992914
44.4066397270115,57.426217193602064,0.5173773776023105,0.5173773776023105,0.5173773776023105
44.4066397270115,61.333241001909606,0.5406923691346919,0.5406923691346919,0.5406923691346919
44.4066397270115,65.24026481021716,0.5640073606670734,0.5640073606670734,0.5640073606670734
44.4066397270115,69.1472886185247,0.5873223521994547,0.5873223521994547,0.5873223521994547
44.4066397270115,73.05431242683224,0.6106373437318362,0.6106373437318362,0.6106373437318362
44.4066397270115,76.96133623513978,0.6339523352642176,0.6339523352642176,0.6339523352642176
44.4066397270115,80.86836004344732,0.6572673267965989,0.6572673267965989,0.6572673267965989
44.4066397270115,84.77538385175487,0.6805823183289804,0.6805823183289804,0.6805823183289804
44.4066397270115,88.68240766006241,0.7038973098613618,0.7038973098613618,0.7038973098613618
44.4066397270115,92.58943146836995,0.7272123013937432,0.7272123013937432,0.7272123013937432
44.4066397270115,96.4964552766775,0.7505272929261246,0.7505272929261246,0.7505272929261246
44.4066397270115,100.40347908498504,0.773842284458506,0.773842284458506,0.773842284458506
44.4066397270115,104.31050289329261,0.7971572759908876,0.7971572759908876,0.7971572759908876
44.4066397270115,108.21752670160015,0.820472267523269,0.820472267523269,0.820472267523269
44.4066397270115,112.12455050990769,0.8437872590556503,0.8437872590556503,0.8437872590556503
44.4066397270115,116.03157431821523,0.8671022505880317,0.8671022505880317,0.8671022505880317
44.4066397270115,119.93859812652278,0.8904172421204132,0.8904172421204132,0.8904172421204132
44.4066397270115,123.84562193483032,0.9137322336527945,0.9137322336527945,0.9137322336527945
44.4066397270115,127.75264574313786,0.9370472251851759,0.9370472251851759,0.9370472251851759
44.4066397270115,131.6596695514454,0.9603622167175574,0.9603622167175574,0.9603622167175574
44.4066397270115,135.56669335975295,0.9836772082499388,0.9836772082499388,0.9836772082499388
46.79127334770116,22.263002918834168,0.31012009164243287,0.31012009164243287,0.31012009164243287
46.79127334770116,26.17002672714171,0.33343508317481424,0.33343508317481424,0.33343508317481424
46.79127334770116,30.077050535449256,0.3567500747071957,0.3567500747071957,0.3567500747071957
46.79127334770116,33.9840743437568,0.3800650662395771,0.3800650662395771,0.3800650662395771
46.79127334770116,37.891098152064345,0.4033800577719585,0.4033800577719585,0.4033800577719585
46.79127334770116,41.79812196037189,0.4266950493043399,0.4266950493043399,0.4266950493043399
46.79127334770116,45.70514576867943,0.4500100408367213,0.4500100408367213,0.4500100408367213
46.79127334770116,49.61216957698698,0.4733250323691027,0.4733250323691027,0.4733250323691027
46.79127334770116,53.51919338529452,0.49664002390148415,0.49664002390148415,0.49664002390148415
46.79127334770116,57.426217193602064,0.5199550154338656,0.5199550154338656,0.5199550154338656
46.79127334770116,61.333241001909606,0.5432700069662469,0.5432700069662469,0.5432700069662469
46.79127334770116,65.24026481021716,0.5665849984986284,0.5665849984986284,0.5665849984986284
46.79127334770116,69.1472886185247,0.5898999900310098,0.5898999900310098,0.5898999900310098
46.79127334770116,73.05431242683224,0.6132149815633912,0.6132149815633912,0.6132149815633912
46.79127334770116,76.96133623513978,0.6365299730957726,0.6365299730957726,0.6365299730957726
46.79127334770116,80.86836004344732,0.659844964628154,0.659844964628154,0.659844964628154
46.79127334770116,84.77538385175487,0.6831599561605354,0.6831599561605354,0.6831599561605354
46.79127334770116,88.68240766006241,0.7064749476929169,0.7064749476929169,0.7064749476929169
46.79127334770116,92.58943146836995,0.7297899392252982,0.7297899392252982,0.7297899392252982
46.79127334770116,96.4964552766775,0.7531049307576796,0.7531049307576796,0.7531049307576796
46.79127334770116,100.40347908498504,0.776419922290061,0.776419922290061,0.776419922290061
46.79127334770116,104.31050289329261,0.7997349138224426,0.7997349138224426,0.7997349138224426
46.79127334770116,108.21752670160015,0.8230499053548239,0.8230499053548239,0.8230499053548239
46.79127334770116,112.12455050990769,0.8463648968872054,0.8463648968872054,0.8463648968872054
46.79127334770116,116.03157431821523,0.8696798884195868,0.8696798884195868,0.8696798884195868
46.79127334770116,119.93859812652278,0.8929948799519681,0.8929948799519681,0.8929948799519681
46.79127334770116,123.84562193483032,0.9163098714843496,0.9163098714843496,0.9163098714843496
46.79127334770116,127.75264574313786,0.939624863016731,0.939624863016731,0.939624863016731
46.79127334770116,131.6596695514454,0.9629398545491124,0.9629398545491124,0.9629398545491124
46.79127334770116,135.56669335975295,0.9862548460814937,0.9862548460814937,0.9862548460814937
49.17590696839081,22.263002918834168,0.3126977294739879,0.3126977294739879,0.3126977294739879
49.17590696839081,26.17002672714171,0.33601272100636925,0.33601272100636925,0.33601272100636925
49.17590696839081,30.077050535449256,0.35932771253875073,0.35932771253875073,0.35932771253875073
49.17590696839081,33.9840743437568,0.3826427040711321,0.3826427040711321,0.3826427040711321
49.17590696839081,37.891098152064345,0.4059576956035135,0.4059576956035135,0.4059576956035135
49.17590696839081,41.79812196037189,0.42927268713589495,0.42927268713589495,0.42927268713589495
49.17590696839081,45.70514576867943,0.4525876786682763,0.4525876786682763,0.4525876786682763
49.17590696839081,49.61216957698698,0.4759026702006578,0.4759026702006578,0.4759026702006578
49.17590696839081,53.51919338529452,0.49921766173303916,0.49921766173303916,0.49921766173303916
49.17590696839081,57.426217193602064,0.5225326532654206,0.5225326532654206,0.5225326532654206
49.17590696839081,61.333241001909606,0.545847644797802,0.545847644797802,0.545847644797802
49.17590696839081,65.24026481021716,0.5691626363301834,0.5691626363301834,0.5691626363301834
49.17590696839081,69.1472886185247,0.5924776278625649,0.5924776278625649,0.5924776278625649
49.17590696839081,73.05431242683224,0.6157926193949462,0.6157926193949462,0.6157926193949462
49.17590696839081,76.96133623513978,0.6391076109273276,0.6391076109273276,0.6391076109273276
49.17590696839081,80.86836004344732,0.662422602459709,0.662422602459709,0.662422602459709
49.17590696839081,84.77538385175487,0.6857375939920904,0.6857375939920904,0.6857375939920904
49.17590696839081,88.68240766006241,0.7090525855244718,0.7090525855244718,0.7090525855244718
49.17590696839081,92.58943146836995,0.7323675770568532,0.7323675770568532,0.7323675770568532
49.17590696839081,96.4964552766775,0.7556825685892347,0.7556825685892347,0.7556825685892347
49.17590696839081,100.40347908498504,0.778997560121616,0.778997560121616,0.778997560121616
49.17590696839081,104.31050289329261,0.8023125516539976,0.8023125516539976,0.8023125516539976
49.17590696839081,108.21752670160015,0.825627543186379,0.825627543186379,0.825627543186379
49.17590696839081,112.12455050990769,0.8489425347187605,0.8489425347187605,0.8489425347187605
49.17590696839081,116.03157431821523,0.8722575262511418,0.8722575262511418,0.8722575262511418
49.17590696839081,119.93859812652278,0.8955725177835232,0.8955725177835232,0.8955725177835232
49.17590696839081,123.84562193483032,0.9188875093159046,0.9188875093159046,0.9188875093159046
49.17590696839081,127.75264574313786,0.9422025008482859,0.9422025008482859,0.9422025008482859
49.17590696839081,131.6596695514454,0.9655174923806673,0.9655174923806673,0.9655174923806673
49.17590696839081,135.56669335975295,0.9888324839130488,0.9888324839130488,0.9888324839130488
51.56054058908047,22.263002918834168,0.3152753673055429,0.3152753673055429,0.3152753673055429
51.56054058908047,26.17002672714171,0.33859035883792427,0.33859035883792427,0.33859035883792427
51.56054058908047,30.077050535449256,0.36190535037030575,0.36190535037030575,0.36190535037030575
51.56054058908047,33.9840743437568,0.3852203419026871,0.3852203419026871,0.3852203419026871
51.56054058908047,37.891098152064345,0.40853533343506854,0.40853533343506854,0.40853533343506854
51.56054058908047,41.79812196037189,0.4318503249674499,0.4318503249674499,0.4318503249674499
51.56054058908047,45.70514576867943,0.4551653164998314,0.4551653164998314,0.4551653164998314
51.56054058908047,49.61216957698698,0.47848030803221275,0.47848030803221275,0.47848030803221275
51.56054058908047,53.51919338529452,0.5017952995645942,0.5017952995645942,0.5017952995645942
51.56054058908047,57.426217193602064,0.5251102910969756,0.5251102910969756,0.5251102910969756
51.56054058908047,61.333241001909606,0.548425282629357,0.548425282629357,0.548425282629357
51.56054058908047,65.24026481021716,0.5717402741617384,0.5717402741617384,0.5717402741617384
51.56054058908047,69.1472886185247,0.5950552656941198,0.5950552656941198,0.5950552656941198
51.56054058908047,73.05431242683224,0.6183702572265013,0.6183702572265013,0.6183702572265013
51.56054058908047,76.96133623513978,0.6416852487588827,0.6416852487588827,0.6416852487588827
51.56054058908047,80.86836004344732,0.665000240291264,0.665000240291264,0.665000240291264
51.56054058908047,84.77538385175487,0.6883152318236454,0.6883152318236454,0.6883152318236454
51.56054058908047,88.68240766006241,0.7116302233560269,0.7116302233560269,0.7116302233560269
51.56054058908047,92.58943146836995,0.7349452148884082,0.7349452148884082,0.7349452148884082
51.56054058908047,96.4964552766775,0.7582602064207896,0.7582602064207896,0.7582602064207896
51.56054058908047,100.40347908498504,0.781575197953171,0.781575197953171,0.781575197953171
51.56054058908047,104.31050289329261,0.8048901894855527,0.8048901894855527,0.8048901894855527
51.56054058908047,108.21752670160015,0.8282051810179341,0.8282051810179341,0.8282051810179341
51.56054058908047,112.12455050990769,0.8515201725503154,0.8515201725503154,0.8515201725503154
51.56054058908047,116.03157431821523,0.8748351640826968,0.8748351640826968,0.8748351640826968
51.56054058908047,119.93859812652278,0.8981501556150782,0.8981501556150782,0.8981501556150782
51.56054058908047,123.84562193483032,0.9214651471474596,0.9214651471474596,0.9214651471474596
51.56054058908047,127.75264574313786,0.9447801386798409,0.9447801386798409,0.9447801386798409
51.56054058908047,131.6596695514454,0.9680951302122224,0.9680951302122224,0.9680951302122224
51.56054058908047,135.56669335975295,0.9914101217446039,0.9914101217446039,0.9914101217446039
53.94517420977012,22.263002918834168,0.3178530051370979,0.3178530051370979,0.3178530051370979
53.94517420977012,26.17002672714171,0.3411679966694793,0.3411679966694793,0.3411679966694793
53.94517420977012,30.077050535449256,0.36448298820186076,0.36448298820186076,0.36448298820186076
53.94517420977012,33.9840743437568,0.3877979797342421,0.3877979797342421,0.3877979797342421
53.94517420977012,37.891098152064345,0.41111297126662355,0.41111297126662355,0.41111297126662355
53.94517420977012,41.79812196037189,0.434427962799005,0.434427962799005,0.434427962799005
53.94517420977012,45.70514576867943,0.4577429543313864,0.4577429543313864,0.4577429543313864
53.94517420977012,49.61216957698698,0.4810579458637678,0.4810579458637678,0.4810579458637678
53.94517420977012,53.51919338529452,0.5043729373961492,0.5043729373961492,0.5043729373961492
53.94517420977012,57.426217193602064,0.5276879289285307,0.5276879289285307,0.5276879289285307
53.94517420977012,61.333241001909606,0.551002920460912,0.551002920460912,0.551002920460912
53.94517420977012,65.24026481021716,0.5743179119932934,0.5743179119932934,0.5743179119932934
53.94517420977012,69.1472886185247,0.5976329035256749,0.5976329035256749,0.5976329035256749
53.94517420977012,73.05431242683224,0.6209478950580563,0.6209478950580563,0.6209478950580563
53.94517420977012,76.96133623513978,0.6442628865904376,0.6442628865904376,0.6442628865904376
53.94517420977012,80.86836004344732,0.6675778781228191,0.6675778781228191,0.6675778781228191
53.94517420977012,84.77538385175487,0.6908928696552005,0.6908928696552005,0.6908928696552005
53.94517420977012,88.68240766006241,0.7142078611875818,0.7142078611875818,0.7142078611875818
53.94517420977012,92.58943146836995,0.7375228527199633,0.7375228527199633,0.7375228527199633
53.94517420977012,96.4964552766775,0.7608378442523447,0.7608378442523447,0.7608378442523447
53.94517420977012,100.40347908498504,0.784152835784726,0.784152835784726,0.784152835784726
53.94517420977012,104.31050289329261,0.8074678273171076,0.8074678273171076,0.8074678273171076
53.94517420977012,108.21752670160015,0.830782818849489,0.830782818849489,0.830782818849489
53.94517420977012,112.12455050990769,0.8540978103818705,0.8540978103818705,0.8540978103818705
53.94517420977012,116.03157431821523,0.8774128019142519,0.8774128019142519,0.8774128019142519
53.94517420977012,119.93859812652278,0.9007277934466332,0.9007277934466332,0.9007277934466332
53.94517420977012,123.84562193483032,0.9240427849790147,0.9240427849790147,0.9240427849790147
53.94517420977012,127.75264574313786,0.947357776511396,0.947357776511396,0.947357776511396
53.94517420977012,131.6596695514454,0.9706727680437774,0.9706727680437774,0.9706727680437774
53.94517420977012,135.56669335975295,0.9939877595761588,0.9939877595761588,0.9939877595761588
56.32980783045978,22.263002918834168,0.3204306429686529,0.3204306429686529,0.3204306429686529
56.32980783045978,26.17002672714171,0.3437456345010343,0.3437456345010343,0.3437456345010343
56.32980783045978,30.077050535449256,0.36706062603341577,0.36706062603341577,0.36706062603341577
56.32980783045978,33.9840743437568,0.39037561756579714,0.39037561756579714,0.39037561756579714
56.32980783045978,37.891098152064345,0.4136906090981786,0.4136906090981786,0.4136906090981786
56.32980783045978,41.79812196037189,0.43700560063056,0.43700560063056,0.43700560063056
56.32980783045978,45.70514576867943,0.4603205921629414,0.4603205921629414,0.4603205921629414
56.32980783045978,49.61216957698698,0.48363558369532283,0.48363558369532283,0.48363558369532283
56.32980783045978,53.51919338529452,0.5069505752277043,0.5069505752277043,0.5069505752277043
56.32980783045978,57.426217193602064,0.5302655667600856,0.5302655667600856,0.5302655667600856
56.32980783045978,61.333241001909606,0.553580558292467,0.553580558292467,0.553580558292467
56.32980783045978,65.24026481021716,0.5768955498248485,0.5768955498248485,0.5768955498248485
56.32980783045978,69.1472886185247,0.6002105413572298,0.6002105413572298,0.6002105413572298
56.32980783045978,73.05431242683224,0.6235255328896113,0.6235255328896113,0.6235255328896113
56.32980783045978,76.96133623513978,0.6468405244219927,0.6468405244219927,0.6468405244219927
56.32980783045978,80.86836004344732,0.6701555159543741,0.6701555159543741,0.6701555159543741
56.32980783045978,84.77538385175487,0.6934705074867555,0.6934705074867555,0.6934705074867555
56.32980783045978,88.68240766006241,0.7167854990191369,0.7167854990191369,0.7167854990191369
56.32980783045978,92.58943146836995,0.7401004905515183,0.7401004905515183,0.7401004905515183
56.32980783045978,96.4964552766775,0.7634154820838996,0.7634154820838996,0.7634154820838996
56.32980783045978,100.40347908498504,0.7867304736162811,0.7867304736162811,0.7867304736162811
56.32980783045978,104.31050289329261,0.8100454651486627,0.8100454651486627,0.8100454651486627
56.32980783045978,108.21752670160015,0.8333604566810441,0.8333604566810441,0.8333604566810441
56.32980783045978,112.12455050990769,0.8566754482134255,0.8566754482134255,0.8566754482134255
56.32980783045978,116.03157431821523,0.8799904397458069,0.8799904397458069,0.8799904397458069
56.32980783045978,119.93859812652278,0.9033054312781883,0.9033054312781883,0.9033054312781883
56.32980783045978,123.84562193483032,0.9266204228105697,0.9266204228105697,0.9266204228105697
56.32980783045978,127.75264574313786,0.949935414342951,0.949935414342951,0.949935414342951
56.32980783045978,131.6596695514454,0.9732504058753324,0.9732504058753324,0.9732504058753324
56.32980783045978,135.56669335975295,0.9965653974077138,0.9965653974077138,0.9965653974077138
58.71444145114943,22.263002918834168,0.323008280800208,0.323008280800208,0.323008280800208
58.71444145114943,26.17002672714171,0.34632327233258936,0.34632327233258936,0.34632327233258936
58.71444145114943,30.077050535449256,0.36963826386497084,0.36963826386497084,0.36963826386497084
58.71444145114943,33.9840743437568,0.3929532553973522,0.3929532553973522,0.3929532553973522
58.71444145114943,37.891098152064345,0.41626824692973363,0.41626824692973363,0.41626824692973363
58.71444145114943,41.79812196037189,0.439583238462115,0.439583238462115,0.439583238462115
58.71444145114943,45.70514576867943,0.4628982299944964,0.4628982299944964,0.4628982299944964
58.71444145114943,49.61216957698698,0.48621322152687785,0.48621322152687785,0.48621322152687785
58.71444145114943,53.51919338529452,0.5095282130592593,0.5095282130592593,0.5095282130592593
58.71444145114943,57.426217193602064,0.5328432045916407,0.5328432045916407,0.5328432045916407
58.71444145114943,61.333241001909606,0.5561581961240221,0.5561581961240221,0.5561581961240221
58.71444145114943,65.24026481021716,0.5794731876564035,0.5794731876564035,0.5794731876564035
58.71444145114943,69.1472886185247,0.6027881791887849,0.6027881791887849,0.6027881791887849
58.71444145114943,73.05431242683224,0.6261031707211663,0.6261031707211663,0.6261031707211663
58.71444145114943,76.96133623513978,0.6494181622535478,0.6494181622535478,0.6494181622535478
58.71444145114943,80.86836004344732,0.6727331537859291,0.6727331537859291,0.6727331537859291
58.71444145114943,84.77538385175487,0.6960481453183105,0.6960481453183105,0.6960481453183105
58.71444145114943,88.68240766006241,0.7193631368506919,0.7193631368506919,0.7193631368506919
58.71444145114943,92.58943146836995,0.7426781283830733,0.7426781283830733,0.7426781283830733
58.71444145114943,96.4964552766775,0.7659931199154547,0.7659931199154547,0.7659931199154547
58.71444145114943,100.40347908498504,0.7893081114478361,0.7893081114478361,0.7893081114478361
58.71444145114943,104.31050289329261,0.8126231029802177,0.8126231029802177,0.8126231029802177
58.71444145114943,108.21752670160015,0.835938094512599,0.835938094512599,0.835938094512599
58.71444145114943,112.12455050990769,0.8592530860449805,0.8592530860449805,0.8592530860449805
58.71444145114943,116.03157431821523,0.8825680775773619,0.8825680775773619,0.8825680775773619
58.71444145114943,119.93859812652278,0.9058830691097433,0.9058830691097433,0.9058830691097433
58.71444145114943,123.84562193483032,0.9291980606421246,0.9291980606421246,0.9291980606421246
58.71444145114943,127.75264574313786,0.952513052174506,0.952513052174506,0.952513052174506
58.71444145114943,131.6596695514454,0.9758280437068875,0.9758280437068875,0.9758280437068875
58.71444145114943,135.56669335975295,0.999143035239269,0.999143035239269,0.999143035239269
61.09907507183909,22.263002918834168,0.325585918631763,0.325585918631763,0.325585918631763
61.09907507183909,26.17002672714171,0.3489009101641444,0.3489009101641444,0.3489009101641444
61.09907507183909,30.077050535449256,0.37221590169652585,0.37221590169652585,0.37221590169652585
61.09907507183909,33.9840743437568,0.3955308932289072,0.3955308932289072,0.3955308932289072
61.09907507183909,37.891098152064345,0.4188458847612887,0.4188458847612887,0.4188458847612887
61.09907507183909,41.79812196037189,0.44216087629367007,0.44216087629367007,0.44216087629367007
61.09907507183909,45.70514576867943,0.46547586782605144,0.46547586782605144,0.46547586782605144
61.09907507183909,49.61216957698698,0.4887908593584329,0.4887908593584329,0.4887908593584329
61.09907507183909,53.51919338529452,0.5121058508908143,0.5121058508908143,0.5121058508908143
61.09907507183909,57.426217193602064,0.5354208424231957,0.5354208424231957,0.5354208424231957
61.09907507183909,61.333241001909606,0.558735833955577,0.558735833955577,0.558735833955577
61.09907507183909,65.24026481021716,0.5820508254879585,0.5820508254879585,0.5820508254879585
61.09907507183909,69.1472886185247,0.60536581702034,0.60536581702034,0.60536581702034
61.09907507183909,73.05431242683224,0.6286808085527213,0.6286808085527213,0.6286808085527213
61.09907507183909,76.96133623513978,0.6519958000851027,0.6519958000851027,0.6519958000851027
61.09907507183909,80.86836004344732,0.6753107916174841,0.6753107916174841,0.6753107916174841
61.09907507183909,84.77538385175487,0.6986257831498656,0.6986257831498656,0.6986257831498656
61.09907507183909,88.68240766006241,0.7219407746822469,0.7219407746822469,0.7219407746822469
61.09907507183909,92.58943146836995,0.7452557662146283,0.7452557662146283,0.7452557662146283
61.09907507183909,96.4964552766775,0.7685707577470098,0.7685707577470098,0.7685707577470098
61.09907507183909,100.40347908498504,0.7918857492793911,0.7918857492793911,0.7918857492793911
61.09907507183909,104.31050289329261,0.8152007408117727,0.8152007408117727,0.8152007408117727
61.09907507183909,108.21752670160015,0.8385157323441541,0.8385157323441541,0.8385157323441541
61.09907507183909,112.12455050990769,0.8618307238765355,0.8618307238765355,0.8618307238765355
61.09907507183909,116.03157431821523,0.885145715408917,0.885145715408917,0.885145715408917
61.09907507183909,119.93859812652278,0.9084607069412983,0.9084607069412983,0.9084607069412983
61.09907507183909,123.84562193483032,0.9317756984736797,0.9317756984736797,0.9317756984736797
61.09907507183909,127.75264574313786,0.9550906900060611,0.9550906900060611,0.9550906900060611
61.09907507183909,131.6596695514454,0.9784056815384425,0.9784056815384425,0.9784056815384425
61.09907507183909,135.56669335975295,1.001720673070824,1.001720673070824,1.001720673070824
63.483708692528744,22.263002918834168,0.328163556463318,0.328163556463318,0.328163556463318
63.483708692528744,26.17002672714171,0.3514785479956994,0.3514785479956994,0.3514785479956994
63.483708692528744,30.077050535449256,0.37479353952808087,0.37479353952808087,0.37479353952808087
63.483708692528744,33.9840743437568,0.39810853106046223,0.39810853106046223,0.39810853106046223
63.483708692528744,37.891098152064345,0.42142352259284366,0.42142352259284366,0.42142352259284366
63.483708692528744,41.79812196037189,0.444738514125225,0.444738514125225,0.444738514125225
63.483708692528744,45.70514576867943,0.4680535056576065,0.4680535056576065,0.4680535056576065
63.483708692528744,49.61216957698698,0.4913684971899879,0.4913684971899879,0.4913684971899879
63.483708692528744,53.51919338529452,0.5146834887223694,0.5146834887223694,0.5146834887223694
63.483708692528744,57.426217193602064,0.5379984802547507,0.5379984802547507,0.5379984802547507
63.483708692528744,61.333241001909606,0.5613134717871321,0.5613134717871321,0.5613134717871321
63.483708692528744,65.24026481021716,0.5846284633195136,0.5846284633195136,0.5846284633195136
63.483708692528744,69.1472886185247,0.6079434548518949,0.6079434548518949,0.6079434548518949
63.483708692528744,73.05431242683224,0.6312584463842763,0.6312584463842763,0.6312584463842763
63.483708692528744,76.96133623513978,0.6545734379166578,0.6545734379166578,0.6545734379166578
63.483708692528744,80.86836004344732,0.6778884294490392,0.6778884294490392,0.6778884294490392
63.483708692528744,84.77538385175487,0.7012034209814205,0.7012034209814205,0.7012034209814205
63.483708692528744,88.68240766006241,0.724518412513802,0.724518412513802,0.724518412513802
63.483708692528744,92.58943146836995,0.7478334040461834,0.7478334040461834,0.7478334040461834
63.483708692528744,96.4964552766775,0.7711483955785647,0.7711483955785647,0.7711483955785647
63.483708692528744,100.40347908498504,0.7944633871109461,0.7944633871109461,0.7944633871109461
63.483708692528744,104.31050289329261,0.8177783786433277,0.8177783786433277,0.8177783786433277
63.483708692528744,108.21752670160015,0.8410933701757091,0.8410933701757091,0.8410933701757091
63.483708692528744,112.12455050990769,0.8644083617080905,0.8644083617080905,0.8644083617080905
63.483708692528744,116.03157431821523,0.8877233532404719,0.8877233532404719,0.8877233532404719
63.483708692528744,119.93859812652278,0.9110383447728534,0.9110383447728534,0.9110383447728534
63.483708692528744,123.84562193483032,0.9343533363052348,0.9343533363052348,0.9343533363052348
63.483708692528744,127.75264574313786,0.9576683278376161,0.9576683278376161,0.9576683278376161
63.483708692528744,131.6596695514454,0.9809833193699975,0.9809833193699975,0.9809833193699975
63.483708692528744,135.56669335975295,1.0042983109023789,1.0042983109023789,1.0042983109023789
65.8683423132184,22.263002918834168,0.33074119429487303,0.33074119429487303,0.33074119429487303
65.8683423132184,26.17002672714171,0.3540561858272544,0.3540561858272544,0.3540561858272544
65.8683423132184,30.077050535449256,0.3773711773596359,0.3773711773596359,0.3773711773596359
65.8683423132184,33.9840743437568,0.40068616889201725,0.40068616889201725,0.40068616889201725
65.8683423132184,37.891098152064345,0.4240011604243987,0.4240011604243987,0.4240011604243987
65.8683423132184,41.79812196037189,0.4473161519567801,0.4473161519567801,0.4473161519567801
65.8683423132184,45.70514576867943,0.4706311434891615,0.4706311434891615,0.4706311434891615
65.8683423132184,49.61216957698698,0.49394613502154294,0.49394613502154294,0.49394613502154294
65.8683423132184,53.51919338529452,0.5172611265539244,0.5172611265539244,0.5172611265539244
65.8683423132184,57.426217193602064,0.5405761180863058,0.5405761180863058,0.5405761180863058
65.8683423132184,61.333241001909606,0.5638911096186872,0.5638911096186872,0.5638911096186872
65.8683423132184,65.24026481021716,0.5872061011510685,0.5872061011510685,0.5872061011510685
65.8683423132184,69.1472886185247,0.61052109268345,0.61052109268345,0.61052109268345
65.8683423132184,73.05431242683224,0.6338360842158314,0.6338360842158314,0.6338360842158314
65.8683423132184,76.96133623513978,0.6571510757482127,0.6571510757482127,0.6571510757482127
65.8683423132184,80.86836004344732,0.6804660672805942,0.6804660672805942,0.6804660672805942
65.8683423132184,84.77538385175487,0.7037810588129756,0.7037810588129756,0.7037810588129756
65.8683423132184,88.68240766006241,0.727096050345357,0.727096050345357,0.727096050345357
65.8683423132184,92.58943146836995,0.7504110418777384,0.7504110418777384,0.7504110418777384
65.8683423132184,96.4964552766775,0.7737260334101198,0.7737260334101198,0.7737260334101198
65.8683423132184,100.40347908498504,0.7970410249425012,0.7970410249425012,0.7970410249425012
65.8683423132184,104.31050289329261,0.8203560164748828,0.8203560164748828,0.8203560164748828
65.8683423132184,108.21752670160015,0.8436710080072641,0.8436710080072641,0.8436710080072641
65.8683423132184,112.12455050990769,0.8669859995396456,0.8669859995396456,0.8669859995396456
65.8683423132184,116.03157431821523,0.890300991072027,0.890300991072027,0.890300991072027
65.8683423132184,119.93859812652278,0.9136159826044083,0.9136159826044083,0.9136159826044083
65.8683423132184,123.84562193483032,0.9369309741367897,0.9369309741367897,0.9369309741367897
65.8683423132184,127.75264574313786,0.9602459656691711,0.9602459656691711,0.9602459656691711
65.8683423132184,131.6596695514454,0.9835609572015525,0.9835609572015525,0.9835609572015525
65.8683423132184,135.56669335975295,1.006875948733934,1.006875948733934,1.006875948733934
68.25297593390806,22.263002918834168,0.3333188321264281,0.3333188321264281,0.3333188321264281
68.25297593390806,26.17002672714171,0.35663382365880947,0.35663382365880947,0.35663382365880947
68.25297593390806,30.077050535449256,0.37994881519119095,0.37994881519119095,0.37994881519119095
68.25297593390806,33.9840743437568,0.4032638067235723,0.4032638067235723,0.4032638067235723
68.25297593390806,37.891098152064345,0.42657879825595374,0.42657879825595374,0.42657879825595374
68.25297593390806,41.79812196037189,0.4498937897883351,0.4498937897883351,0.4498937897883351
68.25297593390806,45.70514576867943,0.47320878132071653,0.47320878132071653,0.47320878132071653
68.25297593390806,49.61216957698698,0.49652377285309796,0.49652377285309796,0.49652377285309796
68.25297593390806,53.51919338529452,0.5198387643854794,0.5198387643854794,0.5198387643854794
68.25297593390806,57.426217193602064,0.5431537559178607,0.5431537559178607,0.5431537559178607
68.25297593390806,61.333241001909606,0.5664687474502421,0.5664687474502421,0.5664687474502421
68.25297593390806,65.24026481021716,0.5897837389826236,0.5897837389826236,0.5897837389826236
68.25297593390806,69.1472886185247,0.613098730515005,0.613098730515005,0.613098730515005
68.25297593390806,73.05431242683224,0.6364137220473864,0.6364137220473864,0.6364137220473864
68.25297593390806,76.96133623513978,0.6597287135797678,0.6597287135797678,0.6597287135797678
68.25297593390806,80.86836004344732,0.6830437051121492,0.6830437051121492,0.6830437051121492
68.25297593390806,84.77538385175487,0.7063586966445307,0.7063586966445307,0.7063586966445307
68.25297593390806,88.68240766006241,0.729673688176912,0.729673688176912,0.729673688176912
68.25297593390806,92.58943146836995,0.7529886797092934,0.7529886797092934,0.7529886797092934
68.25297593390806,96.4964552766775,0.7763036712416749,0.7763036712416749,0.7763036712416749
68.25297593390806,100.40347908498504,0.7996186627740562,0.7996186627740562,0.7996186627740562
68.25297593390806,104.31050289329261,0.8229336543064378,0.8229336543064378,0.8229336543064378
68.25297593390806,108.21752670160015,0.8462486458388192,0.8462486458388192,0.8462486458388192
68.25297593390806,112.12455050990769,0.8695636373712006,0.8695636373712006,0.8695636373712006
68.25297593390806,116.03157431821523,0.8928786289035819,0.8928786289035819,0.8928786289035819
68.25297593390806,119.93859812652278,0.9161936204359634,0.9161936204359634,0.9161936204359634
68.25297593390806,123.84562193483032,0.9395086119683448,0.9395086119683448,0.9395086119683448
68.25297593390806,127.75264574313786,0.9628236035007262,0.9628236035007262,0.9628236035007262
68.25297593390806,131.6596695514454,0.9861385950331076,0.9861385950331076,0.9861385950331076
68.25297593390806,135.56669335975295,1.009453586565489,1.009453586565489,1.009453586565489
70.63760955459772,22.263002918834168,0.3358964699579831,0.3358964699579831,0.3358964699579831
70.63760955459772,26.17002672714171,0.3592114614903645,0.3592114614903645,0.3592114614903645
70.63760955459772,30.077050535449256,0.38252645302274596,0.38252645302274596,0.38252645302274596
70.63760955459772,33.9840743437568,0.40584144455512733,0.40584144455512733,0.40584144455512733
70.63760955459772,37.891098152064345,0.42915643608750875,0.42915643608750875,0.42915643608750875
70.63760955459772,41.79812196037189,0.4524714276198901,0.4524714276198901,0.4524714276198901
70.63760955459772,45.70514576867943,0.4757864191522716,0.4757864191522716,0.4757864191522716
70.63760955459772,49.61216957698698,0.49910141068465297,0.49910141068465297,0.49910141068465297
70.63760955459772,53.51919338529452,0.5224164022170344,0.5224164022170344,0.5224164022170344
70.63760955459772,57.426217193602064,0.5457313937494158,0.5457313937494158,0.5457313937494158
70.63760955459772,61.333241001909606,0.5690463852817972,0.5690463852817972,0.5690463852817972
70.63760955459772,65.24026481021716,0.5923613768141787,0.5923613768141787,0.5923613768141787
70.63760955459772,69.1472886185247,0.61567636834656,0.61567636834656,0.61567636834656
70.63760955459772,73.05431242683224,0.6389913598789414,0.6389913598789414,0.6389913598789414
70.63760955459772,76.96133623513978,0.6623063514113229,0.6623063514113229,0.6623063514113229
70.63760955459772,80.86836004344732,0.6856213429437042,0.6856213429437042,0.6856213429437042
70.63760955459772,84.77538385175487,0.7089363344760856,0.7089363344760856,0.7089363344760856
70.63760955459772,88.68240766006241,0.732251326008467,0.732251326008467,0.732251326008467
70.63760955459772,92.58943146836995,0.7555663175408485,0.7555663175408485,0.7555663175408485
70.63760955459772,96.4964552766775,0.7788813090732298,0.7788813090732298,0.7788813090732298
70.63760955459772,100.40347908498504,0.8021963006056112,0.8021963006056112,0.8021963006056112
70.63760955459772,104.31050289329261,0.8255112921379928,0.8255112921379928,0.8255112921379928
70.63760955459772,108.21752670160015,0.8488262836703742,0.8488262836703742,0.8488262836703742
70.63760955459772,112.12455050990769,0.8721412752027556,0.8721412752027556,0.8721412752027556
70.63760955459772,116.03157431821523,0.895456266735137,0.895456266735137,0.895456266735137
70.63760955459772,119.93859812652278,0.9187712582675184,0.9187712582675184,0.9187712582675184
70.63760955459772,123.84562193483032,0.9420862497998999,0.9420862497998999,0.9420862497998999
70.63760955459772,127.75264574313786,0.9654012413322812,0.9654012413322812,0.9654012413322812
70.63760955459772,131.6596695514454,0.9887162328646626,0.9887162328646626,0.9887162328646626
70.63760955459772,135.56669335975295,1.012031224397044,1.012031224397044,1.012031224397044
73.02224317528737,22.263002918834168,0.3384741077895381,0.3384741077895381,0.3384741077895381
73.02224317528737,26.17002672714171,0.3617890993219195,0.3617890993219195,0.3617890993219195
73.02224317528737,30.077050535449256,0.385104090854301,0.385104090854301,0.385104090854301
73.02224317528737,33.9840743437568,0.40841908238668234,0.40841908238668234,0.40841908238668234
73.02224317528737,37.891098152064345,0.4317340739190638,0.4317340739190638,0.4317340739190638
73.02224317528737,41.79812196037189,0.4550490654514452,0.4550490654514452,0.4550490654514452
73.02224317528737,45.70514576867943,0.47836405698382656,0.47836405698382656,0.47836405698382656
73.02224317528737,49.61216957698698,0.501679048516208,0.501679048516208,0.501679048516208
73.02224317528737,53.51919338529452,0.5249940400485894,0.5249940400485894,0.5249940400485894
73.02224317528737,57.426217193602064,0.5483090315809708,0.5483090315809708,0.5483090315809708
73.02224317528737,61.333241001909606,0.5716240231133521,0.5716240231133521,0.5716240231133521
73.02224317528737,65.24026481021716,0.5949390146457336,0.5949390146457336,0.5949390146457336
73.02224317528737,69.1472886185247,0.6182540061781151,0.6182540061781151,0.6182540061781151
73.02224317528737,73.05431242683224,0.6415689977104965,0.6415689977104965,0.6415689977104965
73.02224317528737,76.96133623513978,0.6648839892428778,0.6648839892428778,0.6648839892428778
73.02224317528737,80.86836004344732,0.6881989807752592,0.6881989807752592,0.6881989807752592
73.02224317528737,84.77538385175487,0.7115139723076407,0.7115139723076407,0.7115139723076407
73.02224317528737,88.68240766006241,0.734828963840022,0.734828963840022,0.734828963840022
73.02224317528737,92.58943146836995,0.7581439553724034,0.7581439553724034,0.7581439553724034
73.02224317528737,96.4964552766775,0.7814589469047849,0.7814589469047849,0.7814589469047849
73.02224317528737,100.40347908498504,0.8047739384371663,0.8047739384371663,0.8047739384371663
73.02224317528737,104.31050289329261,0.8280889299695479,0.8280889299695479,0.8280889299695479
73.02224317528737,108.21752670160015,0.8514039215019292,0.8514039215019292,0.8514039215019292
73.02224317528737,112.12455050990769,0.8747189130343107,0.8747189130343107,0.8747189130343107
73.02224317528737,116.03157431821523,0.8980339045666921,0.8980339045666921,0.8980339045666921
73.02224317528737,119.93859812652278,0.9213488960990734,0.9213488960990734,0.9213488960990734
73.02224317528737,123.84562193483032,0.9446638876314548,0.9446638876314548,0.9446638876314548
73.02224317528737,127.75264574313786,0.9679788791638362,0.9679788791638362,0.9679788791638362
73.02224317528737,131.6596695514454,0.9912938706962175,0.9912938706962175,0.9912938706962175
73.02224317528737,135.56669335975295,1.0146088622285991,1.0146088622285991,1.0146088622285991
75.40687679597703,22.263002918834168,0.34105174562109314,0.34105174562109314,0.34105174562109314
75.40687679597703,26.17002672714171,0.3643667371534745,0.3643667371534745,0.3643667371534745
75.40687679597703,30.077050535449256,0.387681728685856,0.387681728685856,0.387681728685856
75.40687679597703,33.9840743437568,0.41099672021823735,0.41099672021823735,0.41099672021823735
75.40687679597703,37.891098152064345,0.4343117117506188,0.4343117117506188,0.4343117117506188
75.40687679597703,41.79812196037189,0.45762670328300015,0.45762670328300015,0.45762670328300015
75.40687679597703,45.70514576867943,0.4809416948153816,0.4809416948153816,0.4809416948153816
75.40687679597703,49.61216957698698,0.504256686347763,0.504256686347763,0.504256686347763
75.40687679597703,53.51919338529452,0.5275716778801445,0.5275716778801445,0.5275716778801445
75.40687679597703,57.426217193602064,0.5508866694125258,0.5508866694125258,0.5508866694125258
75.40687679597703,61.333241001909606,0.5742016609449072,0.5742016609449072,0.5742016609449072
75.40687679597703,65.24026481021716,0.5975166524772887,0.5975166524772887,0.5975166524772887
75.40687679597703,69.1472886185247,0.6208316440096701,0.6208316440096701,0.6208316440096701
75.40687679597703,73.05431242683224,0.6441466355420514,0.6441466355420514,0.6441466355420514
75.40687679597703,76.96133623513978,0.6674616270744329,0.6674616270744329,0.6674616270744329
75.40687679597703,80.86836004344732,0.6907766186068143,0.6907766186068143,0.6907766186068143
75.40687679597703,84.77538385175487,0.7140916101391956,0.7140916101391956,0.7140916101391956
75.40687679597703,88.68240766006241,0.7374066016715771,0.7374066016715771,0.7374066016715771
75.40687679597703,92.58943146836995,0.7607215932039585,0.7607215932039585,0.7607215932039585
75.40687679597703,96.4964552766775,0.7840365847363399,0.7840365847363399,0.7840365847363399
75.40687679597703,100.40347908498504,0.8073515762687213,0.8073515762687213,0.8073515762687213
75.40687679597703,104.31050289329261,0.8306665678011029,0.8306665678011029,0.8306665678011029
75.40687679597703,108.21752670160015,0.8539815593334843,0.8539815593334843,0.8539815593334843
75.40687679597703,112.12455050990769,0.8772965508658657,0.8772965508658657,0.8772965508658657
75.40687679597703,116.03157431821523,0.900611542398247,0.900611542398247,0.900611542398247
75.40687679597703,119.93859812652278,0.9239265339306284,0.9239265339306284,0.9239265339306284
75.40687679597703,123.84562193483032,0.9472415254630098,0.9472415254630098,0.9472415254630098
75.40687679597703,127.75264574313786,0.9705565169953911,0.9705565169953911,0.9705565169953911
75.40687679597703,131.6596695514454,0.9938715085277726,0.9938715085277726,0.9938715085277726
75.40687679597703,135.56669335975295,1.017186500060154,1.017186500060154,1.017186500060154
77.79151041666668,22.263002918834168,0.34362938345264815,0.34362938345264815,0.34362938345264815
77.79151041666668,26.17002672714171,0.3669443749850295,0.3669443749850295,0.3669443749850295
77.79151041666668,30.077050535449256,0.390259366517411,0.390259366517411,0.390259366517411
77.79151041666668,33.9840743437568,0.41357435804979237,0.41357435804979237,0.41357435804979237
77.79151041666668,37.891098152064345,0.43688934958217385,0.43688934958217385,0.43688934958217385
77.79151041666668,41.79812196037189,0.4602043411145552,0.4602043411145552,0.4602043411145552
77.79151041666668,45.70514576867943,0.4835193326469366,0.4835193326469366,0.4835193326469366
77.79151041666668,49.61216957698698,0.5068343241793181,0.5068343241793181,0.5068343241793181
77.79151041666668,53.51919338529452,0.5301493157116994,0.5301493157116994,0.5301493157116994
77.79151041666668,57.426217193602064,0.5534643072440808,0.5534643072440808,0.5534643072440808
77.79151041666668,61.333241001909606,0.5767792987764623,0.5767792987764623,0.5767792987764623
77.79151041666668,65.24026481021716,0.6000942903088436,0.6000942903088436,0.6000942903088436
77.79151041666668,69.1472886185247,0.6234092818412251,0.6234092818412251,0.6234092818412251
77.79151041666668,73.05431242683224,0.6467242733736065,0.6467242733736065,0.6467242733736065
77.79151041666668,76.96133623513978,0.6700392649059879,0.6700392649059879,0.6700392649059879
77.79151041666668,80.86836004344732,0.6933542564383693,0.6933542564383693,0.6933542564383693
77.79151041666668,84.77538385175487,0.7166692479707507,0.7166692479707507,0.7166692479707507
77.79151041666668,88.68240766006241,0.7399842395031321,0.7399842395031321,0.7399842395031321
77.79151041666668,92.58943146836995,0.7632992310355136,0.7632992310355136,0.7632992310355136
77.79151041666668,96.4964552766775,0.7866142225678949,0.7866142225678949,0.7866142225678949
77.79151041666668,100.40347908498504,0.8099292141002763,0.8099292141002763,0.8099292141002763
77.79151041666668,104.31050289329261,0.8332442056326579,0.8332442056326579,0.8332442056326579
77.79151041666668,108.21752670160015,0.8565591971650393,0.8565591971650393,0.8565591971650393
77.79151041666668,112.12455050990769,0.8798741886974207,0.8798741886974207,0.8798741886974207
77.79151041666668,116.03157431821523,0.9031891802298021,0.9031891802298021,0.9031891802298021
77.79151041666668,119.93859812652278,0.9265041717621835,0.9265041717621835,0.9265041717621835
77.79151041666668,123.84562193483032,0.949819163294565,0.949819163294565,0.949819163294565
77.79151041666668,127.75264574313786,0.9731341548269462,0.9731341548269462,0.9731341548269462
77.79151041666668,131.6596695514454,0.9964491463593277,0.9964491463593277,0.9964491463593277
77.79151041666668,135.56669335975295,1.019764137891709,1.019764137891709,1.019764137891709
